1111111111111111111111111111
0000000000000000000000011111
1111110111110111110111010111
1111110000000000000000010111
1110010000010111110110010111
1110000000000111010000110111
1110010000010000000000110111
1100010000010001110111110111
1101110001110000010000010111
1101110001110000010110010111
1000010000000000000110000011
1000010000000000010000010011
0000000000000001110111110001
1010010000000111110000000001
1010010000000000000111110101
1111110001110000000000000001
1111110001110111110111110001
1111111000000000000000000001